2305
10812304
2307

2306
195
1048
2303
1735
1676
1668
1659
1650
1524
1451
1424
1413
1331
1359
1192
90
992
988
981
980
954
979
978
957
950
959
949
944
923
920
909
904
902
229
889
882864

860
856
851
833
828
823
808
802
797
791
783
778
777
775
769
760
755
730
728
716
719
717
715
251
692
689
682
669
654
633
605
580
579
563
562
364
542
537
532
530529
531
527

526
512
494
491
485
483
482
291
452
651
647
465
457
646
441
311
312
436
431
425
422
415
407
406
145
396
384
373
362
349
339
325
283
279
277
273
262
270
237
246
205
203
171
157
152
397
338
286
130
132
76
25
15
111
134
51
12
