2307
2306
1081
2305
2304
195
1956
2302
2301
1048
1738
1737
1735
1731
1669
305
1664
1663
1659
1658
1650
16541524

1514
1649
1651
3631458

1451
1449
1413
1359
1331
1257
1248
1192
1143
90
992
988
986981

979
978980

977
974
957
954
952
950
949
948
923
922
920
909
904
902
901
898229

894
889
882
879
872
866
864
862
860
856
851
849
833
828
823
812
808
802
797
791
795
778
783
777
776
775
769
768
765
760
755
740
370
733
731
730
728
723
721722

719720

718
717
228
716
715
714
708
705
702
251
697
696
689
687
686
685
682
679
678
669
654
641
84
633
629
608
280
605
603
602
592
590
587
583
580
579
577423

576
575
506
573
563
562
559
558
556
553
364
552
547
546
545
356
292
542
541538

320
537
532
531
530
529
527
526
521
520
516
512
509
508
505
383
503
494
234491

490
298487

486
485
32
483
482
481
291
477
474
469
464
452
651
647
620
616
465
467
462
457
456
646
607
451
441
312
311
440
438
437
436
435
434
289
431
427
425
424
422
418
415
412
407
406
404
321
282
315
145
401
400
396
395
393
388
384377

376
374
373
378
365
371
362
350
349
347
344
335
332
329
327
325
361
348
334
336
324
283
281
279
277
273
270
304
300
318
265
262
233
212
243
226
246
205
204
202
203
179
198
171
163
157
152
148
338
397
368
191
286
235
140
136
131
130
92
89
7628
65

25
107
78
122
134
75
12
15
51
43
52
111
