1158
1157
920
904
898
892
891
888
887
886
884
880
877
876
874
871
869
866
861
158
438
432
429
428
146
421
407
408
404
403
402
341
296
74
70
50
285
284
265
258
251
235
234
232
230
221
205
203
190
186
172
170
168
165
156
155
152
150
143
142
137
134
124
119
105
93
91
57
56
43
37
35
34
32
30
29
26
21
19
14
117
111
106
103
100
90
80
62
66
84
742
734
723
722
719
645
716
642
698
694
690
689
687
686
683
679
678
674
671
669
667
663
616
639
637
629
627
626
621
614
611
598
606
592
589
580
628
622
585
577
579
569
559
546
544
547
570
537
81
12
13
1