270
184
539
265
598
88
252
314
292
141
856
268
71
301
570
359
95
307
317
360
303
1077
452
363
429
282
264
186
152
147
128
183
14
486
248
263
189
1074
401
863
227
278
357
867
1002
331
473
440
324
302
243
482
272
102
271
411
150
175
92
844
291
96
172
201
719
855
258
113
240
205
404
238
295
193
135
229
198
237
39
250
68
615
134
870
310
590
308
209
342
293
273
131
1069
208
338
343
569
399
405
434
480
133
255
4
326
112
188
385
679
119
398
257
408
197
80
11
246
100
226
298
74
366
383
315
377
126
573
1
280
336
253
277
242
279
865
332
215
311
62
56
571
427
202
244
470
47
163
218
330
153
476
431
387
162
841
371