1083
1079
1077
1074
1069
1002
875
870
867
865
863
862
856
844
841
679
598
592
572
571
570
569
552
539
498
486
485
473
429
422
411
455
452
442
440
431
404
401
399
395
391
387
385
377
363
360
359
357
258
348
344
343
342
341
338
327
324
317
316
315
314
309
308
307
303
302
301
295
293
292
291
282
278
273
272
271
269
270
268
190
265
264
263
175
172
259
257
189
255
252
250
248
246
244
243
242
240
238
237
229
227
215
214
209
208
90
201
193
188
186
163
162
150
148
141
139
135
134
143
147
133
131
128
126
120
119
113
111
103
101
100
95
94
92
91
87
82
73
71
72
68
14
181
183
180
9
1
