170
111
260
665
888
358
147
606
643
870
892
251
642
669
574
699
680
743
145
290
286
102
363
395
300
76
166
77
168
722
62
51
611
614
730
585
581
110
880
83
671
135
57
124
580
152
547
142
627
616
660
247
927
871
37
187
621
694
241
176
180
238
106
156
667
690
103
404
683
645
592
272
131
227
436
284
661
3
216
11
717
8
299
692
618
733
214
894
435
148
575
68
554
551
7
612
874
697
177
237
432
904
423
714
125
425
6
923
675
655
647
113
114
601
737
99
639
88
881
564
715
678
691
215
723
389
179
604
664
13
95
408
274
673
583
636
656
700
221
194
