866
170
721
570
576
111
876
218
579
628
687
205
725
891
589
230
870
713
892
613
251
171
174
90
93
19
642
734
877
189
864
165
669
862
666
158
574
388
403
260
699
235
680
151
622
56
630
48
220
35
18
80
698
84
559
736
5
708
590
665
686
1157
243
145
670
743
132
878
742
584
444
888
283
358
147
606
168
544
674
722
62
51
438
43
738
611
689
887
614
730
585
869
581
110
32
880
83
671
12
135
57
234
124
580
152
886
66
547
213
91
117
898
142
100
421
190
627
616
172
660
282
247
927
871
37
187
621
694
569
241
176
180
238
106
1
232
156
719
143
70
667
690
103
404
683
645
592
272
131
227
105
436
587
284
920
429
661
290
395
675
3
655
216
647
11
682
717
113
114
8
299
71
226
601
692
737
618
407
733
402
214
87
74
99
894
639
435
88
148
144
662
881
861
564
259
715
575
678
68
691
554
215
551
723
7
195
612
389
874
179
697
604
177
664
728
13
95
237
432
408
274
716
673
904
423
73
583
714
636
920
287
656
700
125
425
724
6
221
194
2
923