1167
1165
1168
1164
1158
1157
920
904
898
892
891
888
887
886
881
878
877
876
866
864
862
861
514
444
158
438
429
146
421
417
414
412
407
403
402
389
388
386
363
300
3
290
287
283
282
115
264
260
257
256
251
243
245
235
232
230
226
220
215
214
205
203
190
189
186
178
174
171
170
165
151
145
144
143
132
130
105
93
77
91
71
56
48
44
35
32
27
24
20
19
18
16
111
102
100
90
87
83
98
88
80
79
76
78
95
62
66
84
99
742
736
734
733
729
728
725
724
721
713
708
699
697
692
687
686
682
674
670
637
665
629
590
589
583
584
580
628
622
613
579
576
571
563
559
549
547
570
572
537
5
238
1
2
